1.94516765392454e+02
3.13336389017355e+02
3.14884606270523e+02
4.36158414461626e+02
4.89482279174600e+02
5.63063651191973e+02
6.38757799636763e+02
6.32388497117039e+02
6.25064975295580e+02
6.77074484042912e+02
7.58604763659825e+02
8.50148502898984e+02
9.87662487951420e+02
1.17742846815419e+03
1.24456339445899e+02
1.68788425878465e+02
2.50613689478226e+02
3.36379991735713e+02
4.80292818366473e+02
6.69497606174469e+02
2.63081869318865e+02
3.38737507664536e+02
4.71681646654475e+02
6.00186414744851e+02
6.38571878026371e+02
6.71188906865146e+02
7.21050504232221e+02
7.13070026369647e+02
7.24331113497476e+02
7.72537489638316e+02
8.24816033132731e+02
9.01323701471136e+02
9.53058753244865e+02
1.11397932992578e+03
1.36270902529430e+03
1.60751096860254e+02
2.16965179203910e+02
1.49766208208697e+02
1.51726530171369e+02
1.86414562009179e+02
2.60407831598446e+02
3.47095507977373e+02
4.46399546258599e+02
1.08340409369283e+03
2.41285930556981e+02
2.69916045119127e+02
3.70893078238514e+02
5.05867260880075e+02
6.41108984877746e+02
7.72677611226853e+02
7.51612253788018e+02
7.49537620570499e+02
8.11030084917323e+02
8.26597107187647e+02
8.00596821129317e+02
8.08869615827315e+02
8.54870751182818e+02
9.15603807669541e+02
9.83191164844628e+02
1.05527944175950e+03
1.13789370843774e+03
1.36337286337792e+03
1.01824059483708e+02
1.18645770019230e+02
1.39358456127099e+02
1.95721450341991e+02
2.90936847249636e+02
4.53106102749671e+02
7.13041948572545e+02
2.14149220778427e+02
1.89397065571036e+02
1.94589402196231e+02
2.66409669323624e+02
3.45456284306086e+02
3.97892549126101e+02
4.69515674721803e+02
5.40895137035154e+02
9.29463851366943e+02
1.16841766081718e+03
1.51561312243786e+03
2.25568340863760e+02
2.41245860513068e+02
2.76187754477096e+02
3.76666857783540e+02
5.41344298061001e+02
6.65694996205720e+02
8.09664863850476e+02
8.99333861712116e+02
8.23410555851858e+02
8.25752514609651e+02
9.16623193560448e+02
8.86125248649543e+02
8.20467334043020e+02
8.09683063630267e+02
8.49568398365549e+02
9.41325862099679e+02
9.90619539688705e+02
9.47150460253870e+02
1.02071594389740e+03
1.13652976772948e+03
1.25035387535639e+03
1.07155906315541e+02
1.21882749598060e+02
1.40047992295215e+02
1.62481571817118e+02
2.67446610922648e+02
4.73294353830673e+02
1.37081643828788e+02
1.29928194956057e+02
1.21251369678486e+02
1.33409038268942e+02
1.86842806220768e+02
2.86710586440564e+02
3.94133013324107e+02
9.57889278539976e+02
1.33404499312968e+03
2.27970426511472e+02
2.40302015265494e+02
2.55938963883699e+02
2.84527437414118e+02
3.34632191437215e+02
4.43440420785246e+02
5.78786742406524e+02
6.41518262183389e+02
6.33652817113690e+02
6.39924213941866e+02
6.73987216281184e+02
7.72938867642455e+02
8.63033629047259e+02
9.35900766496065e+02
1.05101061176593e+03
1.13966164767132e+03
1.44849205343675e+03
1.81400362305927e+03
2.29484811427302e+02
2.38891281478927e+02
2.38329443399982e+02
2.65336940347457e+02
3.82654678139550e+02
5.46114840615563e+02
6.88946516747816e+02
8.05431498328099e+02
9.08323127268007e+02
9.64747274861080e+02
8.66561589589227e+02
8.71678043173987e+02
9.42398109732113e+02
8.85001787885241e+02
8.13428693486386e+02
8.08842685432371e+02
8.42867908523498e+02
9.15138597131906e+02
8.56404699033235e+02
8.99205871639828e+02
9.37877397788773e+02
8.93813002601002e+02
8.97475055144157e+02
8.95559135358241e+02
1.74444829255789e+02
2.54750495294164e+02
9.46837768653222e+01
1.14827337688515e+02
1.32662275176356e+02
1.49409530507546e+02
1.73213798232721e+02
2.88539212893393e+02
5.46590054976703e+02
1.04620243970471e+02
9.95150664415987e+01
1.04453274122373e+02
1.16528868851856e+02
1.41062968797178e+02
2.04306244821467e+02
3.17753826252301e+02
9.56802978067773e+02
1.32417774820794e+03
2.07232923299595e+02
2.26806305189838e+02
2.08632017092591e+02
2.01137405518859e+02
2.20383496211174e+02
2.71594526814678e+02
3.46486135242503e+02
4.25436348609983e+02
5.30768147555731e+02
6.27029316405860e+02
8.72395863136814e+02
9.91526008719921e+02
1.11668494100257e+03
1.44336430278544e+03
1.93979545525980e+03
1.94833000823413e+02
2.21588720249268e+02
2.55468931805589e+02
2.78200982203481e+02
2.96206927371890e+02
4.17555255968226e+02
6.24830544260212e+02
7.03744709499916e+02
8.13407892410364e+02
9.09870381897535e+02
8.42546908782720e+02
7.44825210046822e+02
7.47195188340488e+02
7.85405323895521e+02
8.58740340363352e+02
9.31844609353355e+02
1.01891328487612e+03
1.11691882832645e+03
1.19238067478364e+03
1.13358018915396e+03
1.35144297407067e+03
1.66026424271104e+03
2.04507000677313e+02
2.22534575808392e+02
2.45566661951206e+02
2.49533428383651e+02
3.59929708808640e+02
5.19602440450267e+02
6.77755428631323e+02
8.38618312710548e+02
8.50579003168942e+02
8.82148500980127e+02
9.27058060579423e+02
8.56525884158086e+02
8.46599930678661e+02
8.99266836717414e+02
8.69059295230276e+02
8.03603525166913e+02
7.73853765202314e+02
7.98546463512609e+02
7.52549918188816e+02
7.88800501667825e+02
8.00234418510792e+02
7.60893838729765e+02
6.95882240058842e+02
6.70779534396477e+02
6.69694027261112e+02
7.13253712157914e+02
1.82176325149563e+02
2.86642477408828e+02
1.02299483367906e+02
1.15986604730902e+02
1.37888736778602e+02
1.52556249527254e+02
2.19571262476961e+02
3.40111582129619e+02
6.46705086736560e+01
8.48662347979160e+01
1.05742471870545e+02
1.28939602099682e+02
1.50604267010396e+02
3.71029036720775e+02
6.67217914315751e+02
1.22852148162112e+03
1.21226593818620e+02
1.13974899880508e+02
1.08378342751742e+02
1.12857798015322e+02
1.19949176998890e+02
1.43922214888751e+02
2.11089037316250e+02
3.39128444132307e+02
1.09308358605475e+03
1.71846692049996e+03
1.89233956439816e+02
2.12661067486066e+02
2.06251757646612e+02
2.07778307518473e+02
2.13541693054664e+02
2.01772152012168e+02
2.46420559786249e+02
3.47465917553375e+02
4.56456573975931e+02
5.96348277747401e+02
6.61542702090633e+02
9.06926665187979e+02
1.06818667067974e+03
1.17063410158674e+03
1.58180689078642e+03
2.24718900563667e+03
1.75940303538960e+02
2.04103635569696e+02
2.53246770806047e+02
2.75824786027657e+02
2.82683193773155e+02
3.17979249145952e+02
3.97028922876243e+02
5.61232859185965e+02
7.54992234970334e+02
8.17385755984999e+02
7.54451773379362e+02
6.92562232193342e+02
6.83693764535184e+02
7.64535656581505e+02
8.36354434830510e+02
9.52543661295012e+02
1.09938248374207e+03
1.14844861969506e+03
1.26230129225680e+03
1.28056257704975e+03
1.40307622489779e+03
1.99013072459262e+03
1.92959566701901e+02
2.12476041131532e+02
2.24520319203939e+02
2.46094352693015e+02
2.61304591422050e+02
2.88430314273699e+02
4.41483836289606e+02
6.36474156333491e+02
8.24841760595486e+02
1.05275237140127e+03
9.91857186344917e+02
9.26877438146419e+02
9.55099302592232e+02
9.00862553027505e+02
8.32203585718385e+02
8.18088970323096e+02
8.35146585638527e+02
8.85247057324254e+02
9.13573648467578e+02
9.83034775756222e+02
9.58968185813114e+02
1.02234320827949e+03
1.04701364715458e+03
9.21841269037539e+02
9.53337743372242e+02
9.79145587511023e+02
2.13736415278153e+02
2.15243673020100e+02
2.19240407754802e+02
2.32404037079320e+02
2.46877212762325e+02
2.62871683358597e+02
3.43833261730090e+02
4.92508861917675e+02
6.25347215823861e+02
7.44121392806620e+02
8.27307589370522e+02
7.55536793378729e+02
7.42405070917649e+02
8.32927303633710e+02
7.61895803676422e+02
7.64782187597315e+02
8.49217746723444e+02
8.07798486321886e+02
7.25597979700688e+02
7.18139015780033e+02
6.27494185608962e+02
6.81791687672125e+02
6.50787588838313e+02
5.94671259576506e+02
5.84105495835452e+02
5.26620529609251e+02
5.35366683862187e+02
5.37801766082396e+02
5.55085164812963e+02
6.94066107624581e+02
1.01668678447786e+02
1.11019186551552e+02
1.29386719555851e+02
1.46956202775427e+02
2.50686216257416e+02
3.82675006940442e+02
7.19439877964882e+01
8.61193213838638e+01
1.13242044434950e+02
1.39902177985136e+02
1.76176805643282e+02
3.86637366705558e+02
9.22574106805006e+02
5.57602162481486e+01
6.27661519078589e+01
8.60428557610686e+01
1.11018536657604e+02
1.29711833333548e+02
1.49028382431971e+02
5.81401020388152e+02
1.07988650318822e+03
1.74356473756209e+03
1.22868757028736e+02
1.05776908325486e+02
9.86538748376449e+01
1.06166959696901e+02
1.15947435577549e+02
1.26241444800528e+02
1.48763007182612e+02
2.31457244838528e+02
4.08552985000801e+02
1.21767981917695e+03
2.10645501076214e+03
1.78939622982984e+02
1.57058617121813e+02
1.74754375064889e+02
2.05394448417191e+02
1.86836613546690e+02
1.49127913035205e+02
1.52444248102349e+02
2.30111012307900e+02
3.81235695485375e+02
5.17408782280958e+02
6.46023382693410e+02
9.80569477938543e+02
1.10634233117222e+03
1.78682558530712e+03
1.70343382590331e+02
1.98439773408316e+02
2.41727355873690e+02
2.69563952268700e+02
2.46334583060134e+02
2.37876267808110e+02
2.71646834435803e+02
3.55660225344873e+02
4.60185015289729e+02
5.62510053622709e+02
6.54514895371063e+02
6.90208044131495e+02
6.81774188604316e+02
8.75294970416981e+02
1.07446866623825e+03
1.21585415541445e+03
1.24824622525492e+03
1.21496635621649e+03
1.81300910507667e+03
2.74115388138793e+03
1.53179044170722e+02
1.75872845047567e+02
2.13886447021201e+02
2.53314328805043e+02
2.91283276609025e+02
3.03260148966270e+02
3.28691738908208e+02
4.25334326244952e+02
6.60782186553615e+02
9.14091560399868e+02
9.46193445142440e+02
7.87093570892477e+02
7.04655633785329e+02
6.78976579626010e+02
7.70248307589455e+02
8.59980381178144e+02
9.43354986721919e+02
1.06156492018492e+03
1.14747876076017e+03
1.24916600207091e+03
1.28681518214028e+03
1.09583722171514e+03
1.50914773023497e+03
2.10129229709034e+03
1.82018805439503e+02
1.88158058133533e+02
2.07371262548551e+02
2.35470115004589e+02
2.63932047311957e+02
2.66903704954854e+02
2.99288547031704e+02
4.68215534792972e+02
7.59503990716884e+02
9.83036691804510e+02
1.00016912121729e+03
1.00349036864286e+03
1.02634747521137e+03
8.88711752813973e+02
8.04163341600812e+02
8.19371651604397e+02
8.45317577859969e+02
8.78624076457850e+02
8.84148888127164e+02
9.37856087940322e+02
1.06245816089360e+03
1.00291412731717e+03
1.06218470511068e+03
1.02766160884460e+03
9.36563146306747e+02
9.48178059061181e+02
9.41451248174612e+02
1.77556030803054e+02
1.82573575211952e+02
2.20377673501583e+02
2.60696577741810e+02
2.62342189875245e+02
2.43801968603077e+02
2.66730554062048e+02
4.13323858280870e+02
6.25927414684586e+02
7.94031924575064e+02
9.41933493397803e+02
9.76833635060470e+02
9.43327075696182e+02
7.89694565169864e+02
8.61816090651238e+02
1.00756338142544e+03
9.40146952609723e+02
7.99226270228028e+02
7.64601085781396e+02
7.82816517186850e+02
8.42828541486027e+02
7.28682648330421e+02
7.49234940643547e+02
7.82611718173208e+02
7.91128423490440e+02
6.90989398552751e+02
5.80053661550603e+02
5.53098072633884e+02
6.65641307001364e+02
8.79494159512929e+02
2.48296339538216e+02
2.40568581110779e+02
2.36749848267584e+02
2.20666897142817e+02
2.07294796785209e+02
2.10539621233799e+02
2.44419001762098e+02
3.37184339841038e+02
4.47383351801966e+02
5.30809120018139e+02
6.41828363797001e+02
6.35985519853172e+02
6.14820536829428e+02
5.69665224503016e+02
6.24968142819783e+02
6.87227250750925e+02
5.85259959824612e+02
6.15271787695217e+02
7.27417033185051e+02
6.91431203197253e+02
6.37289252540475e+02
5.11338941609355e+02
5.28974542253649e+02
5.22931315352211e+02
4.78886850187477e+02
4.02439729199352e+02
3.77998073941432e+02
4.10198793903286e+02
4.57149457348204e+02
4.57061944678595e+02
4.37927408931414e+02
4.58461269852162e+02
5.91357783701289e+02
1.48810080332064e+02
1.27385266572692e+02
1.58626076997983e+02
1.70309308040848e+02
1.48225876712483e+02
1.27571786077530e+02
1.25131202814295e+02
1.56833905483847e+02
2.62318717538528e+02
4.49021902104720e+02
6.14461241439043e+02
1.07098157284790e+03
2.06961257057858e+02
1.96158760839448e+02
1.61021659154885e+02
1.93134422879546e+02
2.45418878313223e+02
2.15173739501309e+02
1.64685195570683e+02
1.61510567347801e+02
2.74136888014216e+02
4.76625924272030e+02
5.74972798845232e+02
6.71633924927054e+02
1.03770604608778e+03
1.18138958695886e+03
1.29343287684260e+03
2.11588163672371e+03
1.75573148381262e+02
1.61309513101768e+02
2.19121993102758e+02
2.84640517787149e+02
2.36514117141668e+02
2.33596464427112e+02
2.62057817325560e+02
2.62135612926332e+02
3.52672823617680e+02
4.95519022026044e+02
6.05078525682616e+02
7.07977965248914e+02
6.89404949031209e+02
7.37319002687109e+02
9.68969487350045e+02
1.23986331643805e+03
1.23205210791417e+03
1.21610897250473e+03
1.25742541862446e+03
2.14253060453061e+03
3.75959551313553e+03
1.59930427483563e+02
1.59153119266211e+02
1.89957536151372e+02
2.30535772202677e+02
3.11245186428668e+02
3.32780264194473e+02
2.43694070780593e+02
2.73174982393006e+02
5.33564135133976e+02
7.68312374458728e+02
7.54696071577641e+02
7.18139038814296e+02
7.10419148074751e+02
6.86296585075667e+02
6.70604245864209e+02
8.19411425228180e+02
9.98441543140631e+02
1.12134256777828e+03
1.25889436790944e+03
1.20576152819356e+03
1.25542857794929e+03
1.35682799048829e+03
1.63312101586125e+03
2.79910226948209e+03
1.59609880034090e+02
1.47929780105906e+02
1.77596681007862e+02
2.36095495053770e+02
2.72336361118649e+02
2.63525476844195e+02
3.11401989404121e+02
3.76831456646836e+02
4.72966289447385e+02
7.58793207584570e+02
1.08659368940932e+03
1.06683508551374e+03
8.53379308091815e+02
6.72875036033003e+02
6.72129105708919e+02
8.28710943544869e+02
8.84165178045134e+02
9.21312926787060e+02
9.94012616192584e+02
1.08891299110188e+03
1.29038532318718e+03
1.28959646532594e+03
1.00083976481857e+03
1.05924732032033e+03
1.77725554703385e+03
2.24908584459976e+03
1.93233549241080e+02
1.73933210473421e+02
1.79228457110059e+02
2.21124838489352e+02
2.55037138246211e+02
2.72511634113778e+02
2.74435238468770e+02
2.91438569193298e+02
5.79466650727471e+02
9.92346814362954e+02
9.08800761478149e+02
9.96320907127049e+02
1.16305692492061e+03
9.49447575329196e+02
7.71140323736987e+02
7.78175694403096e+02
8.49869451693906e+02
8.98004198436375e+02
8.62607728676383e+02
8.92962017086492e+02
1.00577776694852e+03
1.13643667893089e+03
1.02018067380874e+03
1.01137983379469e+03
1.08323282278252e+03
8.92473221529985e+02
8.74825427129446e+02
1.04164018932190e+03
1.62460844335118e+02
1.65631211018797e+02
2.12721236264969e+02
2.52017664161573e+02
2.49582325706582e+02
2.48902043782447e+02
2.53619342859395e+02
3.04613439542903e+02
5.05721424544891e+02
7.25281605514664e+02
1.03894163112122e+03
1.22294283468802e+03
9.08731725189511e+02
8.25880621903466e+02
9.79361562082700e+02
1.02616012309335e+03
9.13237916054701e+02
7.91453971801735e+02
7.92957416701872e+02
8.60474219789060e+02
8.61348132993911e+02
9.09240379320565e+02
7.79066845819536e+02
8.66949490957376e+02
1.05840126458022e+03
8.37755199965401e+02
6.30361557597256e+02
5.45969971125842e+02
7.02688455886965e+02
1.24171653441101e+03
2.17474573443510e+02
1.84411775023063e+02
1.81386119213090e+02
2.25845986485422e+02
2.75254727988836e+02
2.67197947747598e+02
2.37541795485195e+02
2.66739621329358e+02
4.40352297219467e+02
7.10773009228789e+02
8.47378223658345e+02
8.23751662260995e+02
9.52632319885991e+02
9.35272682863788e+02
6.97995466041115e+02
8.06504428687288e+02
1.04284853209472e+03
9.42507494899307e+02
7.90174914181583e+02
7.25854612868612e+02
7.50705006814098e+02
8.37070001206989e+02
6.52439329740666e+02
6.72364941867513e+02
7.60426595353128e+02
6.74395454377915e+02
6.07347768907023e+02
5.32607300898204e+02
5.46344891944990e+02
6.00794957758091e+02
6.91621185583932e+02
1.06805895505379e+03
2.71007384896503e+02
2.40838479440233e+02
2.35855964714994e+02
2.33152515718091e+02
2.13482845013432e+02
2.17043555272264e+02
2.38689472048068e+02
2.62364671049844e+02
3.66546822992442e+02
5.34917870150175e+02
6.33974578225197e+02
7.29400550859292e+02
7.25020988785051e+02
5.62709959800666e+02
6.43724161680231e+02
8.03556755682722e+02
6.33141804790565e+02
6.25146805042155e+02
7.81146102011178e+02
7.89699186598539e+02
6.76566298574149e+02
6.39537165385518e+02
5.21763732060668e+02
5.77564520127825e+02
5.80513913427609e+02
4.76985047866360e+02
4.10269796884106e+02
4.03141831546177e+02
4.83018524821428e+02
5.13005235920436e+02
4.73850709226558e+02
4.75003631984873e+02
5.30194068722758e+02
8.05116885981062e+02
2.10620838002329e+02
2.09499301127927e+02
2.30080080611219e+02
2.34268910630285e+02
2.17440953186435e+02
1.89337084540597e+02
1.66605955641264e+02
1.86724926022818e+02
2.98804214173879e+02
4.02876976087474e+02
3.96118694222347e+02
4.27511653777158e+02
4.28830119104365e+02
4.25117783719752e+02
4.45634181625087e+02
3.85160702689230e+02
4.36508215481327e+02
4.73363815741802e+02
3.67694819210744e+02
4.35341069158538e+02
5.15819680676441e+02
5.62814958018342e+02
3.90763955145810e+02
3.68282165197744e+02
3.69088293968441e+02
3.31657464137906e+02
2.74223530387245e+02
2.53756333521874e+02
2.74156890620437e+02
3.07138240130721e+02
3.25080363017068e+02
3.22747727346010e+02
2.88760106033440e+02
2.82809818804353e+02
3.23966342049678e+02
4.03982743350346e+02
1.65153473249666e+02
1.85294959551399e+02
1.84130859278832e+02
2.06169064928040e+02
2.37811156891044e+02
2.59332084103908e+02
2.58637408644209e+02
2.86742175829660e+02
3.19783208178323e+02
5.94823275597990e+02
1.28041762098312e+03
1.01543645394699e+03
8.83847112439927e+02
1.09385238558490e+03
9.81798095466911e+02
8.40775276419147e+02
8.73882092609994e+02
7.87806216593174e+02
8.83783558966673e+02
8.68108437838050e+02
8.36286957074422e+02
1.00916249186140e+03
1.01777297945214e+03
7.99190572951894e+02
1.22050503438036e+03
9.53479734402181e+02
7.57082100368204e+02
5.63241594358498e+02
7.55779287488431e+02
1.53743610046738e+03
1.66873476634986e+02
1.55256121601662e+02
1.81042632538229e+02
2.38247162180633e+02
2.53100546700098e+02
2.44800770518706e+02
2.57191650631085e+02
2.52310413491718e+02
3.63275343499556e+02
5.81051306358268e+02
8.49857967098313e+02
1.29584569700336e+03
1.09160883659435e+03
7.57104534194164e+02
9.52188459067599e+02
1.02046789124914e+03
9.80601529795357e+02
8.53159975129653e+02
7.38109568697002e+02
8.70331230896013e+02
8.55477342563042e+02
8.70236865094553e+02
9.69931135363224e+02
6.50028104255434e+02
1.11863222464561e+03
1.04193865701996e+03
6.72752038812683e+02
6.09769211948242e+02
4.83493414800990e+02
1.01986882345555e+03
1.56460833725521e+03
1.93754911172138e+02
1.63480955419647e+02
1.52751973181000e+02
2.30037522419439e+02
2.87204935652013e+02
2.56927743369446e+02
2.40390183544504e+02
2.49478829133792e+02
3.14452800178884e+02
6.52151076454056e+02
8.17699065322556e+02
8.39261427137215e+02
1.37377188810286e+03
9.13221138653878e+02
6.46689475795786e+02
9.65841542607968e+02
1.16157980841322e+03
9.35117808231133e+02
7.81729217160766e+02
7.20921456739697e+02
8.52267231866052e+02
8.72157136814150e+02
8.42104854269493e+02
6.14466026372708e+02
8.93921328501370e+02
9.41433330189682e+02
7.32507667667936e+02
5.50313541927003e+02
5.31224748181009e+02
5.95178633062921e+02
1.01172612141728e+03
1.34916842049205e+03
2.29754531224401e+02
1.98242574784457e+02
1.63001859120655e+02
1.91025777141003e+02
2.71171414277462e+02
2.86315951501291e+02
2.48124687004413e+02
2.30927553853183e+02
3.05172468953416e+02
5.47759678881225e+02
9.02245161989836e+02
7.94973069658791e+02
8.65683182586582e+02
1.12983824141023e+03
7.58741667064816e+02
6.39716081660142e+02
1.06680320854273e+03
1.07479092221769e+03
8.32635646068370e+02
7.55780494438146e+02
6.99004281041662e+02
8.45205849468259e+02
8.43135133162130e+02
5.31531778561281e+02
8.27913436975376e+02
7.39814411495629e+02
6.57472357973961e+02
5.94776623747992e+02
4.81890445361821e+02
6.21913509448400e+02
5.89842730269941e+02
8.48991084360084e+02
1.41923901245988e+03
2.64059500568188e+02
2.33930411983093e+02
1.98563772393880e+02
1.99312959886555e+02
2.20597692118111e+02
2.64211398334848e+02
2.70608609512564e+02
2.34152253177251e+02
2.75422572353846e+02
5.12577982200725e+02
7.30393783889495e+02
8.63562485394845e+02
8.10207696376951e+02
6.87706791899139e+02
9.23262464827510e+02
7.23382211224331e+02
6.84062127742282e+02
9.50181525965008e+02
9.21625412925956e+02
7.91601145654977e+02
7.23856506079802e+02
6.68567477475144e+02
8.11317557163692e+02
5.26726696607585e+02
6.99469155593740e+02
6.70197242082508e+02
5.12142204253725e+02
5.28059856584861e+02
5.12054539747047e+02
5.41782733368275e+02
5.95950427451697e+02
5.09103087116729e+02
8.53726875296930e+02
1.14119524112382e+03
2.89115205841379e+02
2.59383861633681e+02
2.27466102559553e+02
2.34509157878680e+02
2.23266066317885e+02
2.11115188907850e+02
2.42984364644547e+02
2.49699391436482e+02
2.69855800644696e+02
4.41836514483403e+02
6.53847370614321e+02
6.69101575045005e+02
8.71381310637071e+02
6.33248007369740e+02
5.38860980689539e+02
8.56340833106095e+02
7.36521772264846e+02
5.84452821384861e+02
7.75750647925213e+02
8.52739374021668e+02
7.43503428878509e+02
6.59616236243511e+02
6.35419080204418e+02
4.94389494666417e+02
6.67386080913157e+02
5.53276201712815e+02
4.56781595594646e+02
4.05580279667295e+02
4.44742308890238e+02
5.50308566865562e+02
5.02823734808788e+02
4.95457592673457e+02
4.87544306095696e+02
6.52744547833994e+02
1.12125881091767e+03
2.54885084900449e+02
2.70777126992253e+02
2.39280940076579e+02
2.54099890450497e+02
2.50257670384756e+02
2.07130724096966e+02
1.90380576141754e+02
2.18072804833317e+02
2.76052946094784e+02
4.08572542779820e+02
5.32472656307016e+02
5.68395397845108e+02
6.41956841730436e+02
6.72606521919805e+02
4.89639373441691e+02
4.70434595899472e+02
8.37052711324342e+02
5.88393301344664e+02
4.51109525904997e+02
6.90548831731883e+02
7.76296823963884e+02
6.33756125810328e+02
6.19678358268951e+02
3.71270856803197e+02
5.97193274012515e+02
5.07036926320519e+02
3.72325329767790e+02
3.52996351807538e+02
3.32339280409420e+02
4.53499737775529e+02
4.85786089326169e+02
4.02432691787690e+02
4.43138906925053e+02
3.72193357627093e+02
5.93603902838996e+02
8.84721602359482e+02
2.27314516636526e+02
2.25697704887667e+02
2.33706336878368e+02
2.47357407208119e+02
2.50770626784754e+02
2.18864667379210e+02
1.79901496860552e+02
1.69466600996897e+02
2.29001376835910e+02
3.88168791925406e+02
4.55214004174248e+02
4.31904727282612e+02
5.14071767338818e+02
4.62483869519806e+02
5.17917235303765e+02
4.11950252542593e+02
4.21064222929726e+02
6.32949198778906e+02
4.12004434104491e+02
3.92538165177757e+02
6.01209158105612e+02
5.98885596415860e+02
5.82735367131446e+02
3.40444921953102e+02
4.24289867418083e+02
4.25882039856811e+02
3.28354510140083e+02
2.80802063732425e+02
2.77202569541793e+02
3.17955500884134e+02
3.76638795153112e+02
3.62857769358130e+02
3.42058357938657e+02
3.12439922842917e+02
3.20594054822029e+02
4.24296968552785e+02
5.59446905317357e+02
1.93819832677644e+02
1.88949292360874e+02
1.81295173833289e+02
2.19462994154154e+02
2.18528252103293e+02
1.97926640317993e+02
1.76651640729944e+02
1.55738769183137e+02
1.72412646391817e+02
2.91995965910352e+02
3.88017434741731e+02
3.33362730272354e+02
3.62267525670715e+02
3.41120086424860e+02
3.26875318268288e+02
4.22698291557626e+02
3.43307903991955e+02
2.79486791662064e+02
4.05327476104902e+02
3.23755278495291e+02
3.39447161864278e+02
3.96425413576759e+02
5.26085140554423e+02
2.92779004883952e+02
3.58710071346051e+02
2.77325508726863e+02
2.57783692642635e+02
2.32146694457451e+02
2.12822233347966e+02
2.43404626319366e+02
2.45877806574001e+02
2.57962357588272e+02
2.82690908835511e+02
2.27489621506498e+02
2.37289637143616e+02
2.33638186691935e+02
2.34413914333079e+02
5.00350214955743e+02
1.99165254111531e+02
1.55140818983628e+02
1.46863204777859e+02
1.65136553392177e+02
1.77404041414115e+02
1.57838213898007e+02
1.46675665422353e+02
1.51440237037784e+02
1.53518028056326e+02
2.08848016620355e+02
2.63623598513579e+02
2.61274747471054e+02
2.63369164120020e+02
2.31465237609342e+02
2.33306707031464e+02
2.46019754214554e+02
3.50988879301816e+02
2.16174143324389e+02
1.50284753177002e+02
3.39504903645123e+02
2.60226010073967e+02
1.86660567881246e+02
3.30552285883768e+02
2.46929038298882e+02
2.86528766357322e+02
2.17412351139532e+02
1.65214522067689e+02
1.75415749174622e+02
1.71894033723969e+02
1.85600318332353e+02
1.82165020694525e+02
1.62447801901341e+02
1.92847423988791e+02
1.78363232353077e+02
1.68179238289444e+02
1.52589411366366e+02
1.53516832294143e+02
1.83698174779033e+02
2.60043638191059e+02
4.52208409753136e+02
4.56863262497830e+02
4.72160975684709e+02
4.71810233993755e+02
4.53105646405214e+02
4.59794037408689e+02
4.53700330305567e+02
4.38914315881047e+02
4.06978508888528e+02
3.79414452293422e+02
2.59529866537966e+02
5.49207548285358e+01
4.49617220671296e+02
4.61159069420473e+02
4.71698041081878e+02
4.72219179405303e+02
4.80685793832721e+02
4.94164375283578e+02
4.78823078396885e+02
4.99831357292566e+02
4.94633607434716e+02
4.69658904902502e+02
4.69361777233660e+02
4.77778592967117e+02
5.00665076922773e+02
3.66781472397883e+02
1.33525646512909e+02
2.12458015582011e+02
-9.24815733394459e+00
4.66716983646384e+02
4.79937975468701e+02
4.76119437818558e+02
4.74633114874277e+02
4.81258614077271e+02
4.93124507042288e+02
5.04664651578334e+02
5.19111685041313e+02
5.04872468505131e+02
5.24139285984019e+02
5.61697106614134e+02
5.75266610784869e+02
5.80632125112217e+02
5.99245900503720e+02
5.66079941337172e+02
5.48450112573730e+02
4.31279291647801e+02
1.94487415218485e+02
4.05552226429439e+02
4.07327125094193e+02
4.11458386519148e+02
3.76161274553554e+02
3.72043615299059e+02
2.27649182474029e+02
-2.53368516859310e+01
4.88129900734213e+02
4.68342574544415e+02
4.74032186848720e+02
5.13539146450823e+02
5.15024218591192e+02
5.03477936729576e+02
4.97525760547803e+02
5.02694153980235e+02
5.32041456219077e+02
5.50522476056648e+02
5.52734584858118e+02
6.22556571614392e+02
6.64191018246498e+02
6.94351110729143e+02
6.88313353357127e+02
6.17245350256628e+02
6.06629418701141e+02
6.31164845977138e+02
6.06714673917889e+02
4.56812044876224e+02
2.29897760385114e+02
4.45271269840430e+02
4.40927178400136e+02
4.40593431823421e+02
4.46218517992057e+02
4.71453126139825e+02
4.73272875937064e+02
4.38141113320263e+02
4.46377387060399e+02
4.35871993975848e+02
4.10326384833624e+02
2.47939737024566e+02
2.57005807504526e+01
4.16234291630888e+02
4.59145425194601e+02
4.94981155993623e+02
5.18202207970714e+02
4.92897403968634e+02
5.11788065648205e+02
5.52055874853345e+02
5.36604991151927e+02
5.13084167550260e+02
5.23500488280925e+02
5.78211139599824e+02
6.50913279296265e+02
6.60876282241986e+02
7.09952279549678e+02
7.49175852415651e+02
7.45483959183287e+02
6.85465721369261e+02
6.58738956431245e+02
6.80371668989608e+02
6.56973152363772e+02
6.09798172995187e+02
6.00084998617113e+02
4.94026080325192e+02
3.10885584821213e+02
4.03613822613424e+02
3.97466496222440e+02
4.07743547274701e+02
3.96855842851900e+02
3.59970194085871e+02
2.27840264414531e+02
-2.67927756179495e+01
4.75507604633845e+02
4.52228827885984e+02
4.58677540088617e+02
4.59101730928776e+02
4.70207480595403e+02
4.80470077954762e+02
4.94950510026793e+02
5.20985547896737e+02
5.32586498598070e+02
5.07380264588416e+02
5.43877136044720e+02
5.81906877392229e+02
5.67031564047734e+02
5.44615890909695e+02
5.43104054971311e+02
3.81883158402708e+02
1.27455735429624e+02
2.92023434857140e+02
3.64376703307374e+02
4.19603598010037e+02
4.81901155244581e+02
5.02284593745323e+02
5.14568652445038e+02
5.32020051003611e+02
5.22283857906934e+02
5.23353331594895e+02
5.52477371697521e+02
5.80959740361967e+02
6.20398708823753e+02
6.73265998486258e+02
7.35072549851714e+02
7.12849631929208e+02
7.43257387764408e+02
7.71103980416541e+02
7.25540640500798e+02
6.95472548012495e+02
7.07120337188964e+02
6.73530541381400e+02
6.29782097996830e+02
6.19196888316765e+02
6.27964686011898e+02
6.08057463269473e+02
5.21109701559570e+02
3.35735332474226e+02
3.90404194683224e+02
3.86069025489995e+02
3.88180370908426e+02
3.76833905797024e+02
2.17689200515385e+02
-2.20114219288017e+01
4.32065078657067e+02
4.36253583878936e+02
4.38749548706679e+02
4.51909260006630e+02
4.67717396563692e+02
4.72781524976908e+02
5.01054145105108e+02
5.00937108559423e+02
4.55435703634394e+02
4.74311892307112e+02
4.64517720053229e+02
4.55850310249818e+02
3.31131175877156e+02
9.03179963019995e+01
4.38276984358452e+02
5.24455813034848e+02
5.18684433150514e+02
4.98962956536962e+02
5.10663687552654e+02
5.07459755030027e+02
4.99151600004288e+02
5.10041928361529e+02
5.23028180029560e+02
5.41564496115723e+02
5.93401894199784e+02
6.50132406280836e+02
6.63979373410951e+02
7.39852224909404e+02
7.28930282087545e+02
6.85594490810885e+02
6.75818253857849e+02
6.24745542316145e+02
5.77495495261043e+02
5.67378347424763e+02
4.51304810880331e+02
2.41711978299719e+02
2.45177209022593e+02
2.54101009005129e+02
2.93477986627616e+02
3.56662758768115e+02
4.23593305607461e+02
4.89298637549471e+02
5.14534848949037e+02
4.90478285636917e+02
4.95225907513509e+02
5.33175891269923e+02
5.37339574997708e+02
5.91730534978897e+02
6.69530588391561e+02
7.05089728592071e+02
7.25111368903479e+02
7.18800576266810e+02
6.88794293629332e+02
7.61518667078624e+02
7.21714407637298e+02
6.87053443782916e+02
7.05031327361635e+02
6.54330378729543e+02
6.16409318990638e+02
6.14950282204908e+02
5.78549280883836e+02
6.11497105384193e+02
5.86108852693879e+02
5.65593870191831e+02
4.79524293715790e+02
2.99473597782862e+02
3.40019218859823e+02
2.26370246376955e+02
-5.49609835398138e+00
4.15652982850040e+02
4.35559717002192e+02
4.23162302448556e+02
4.07380510603425e+02
4.26423736267653e+02
4.25454808330030e+02
3.80331023271008e+02
2.23264325195344e+02
-4.27705815891254e+01
4.48682661269995e+02
4.18523421968710e+02
4.30910495150383e+02
4.52843003876251e+02
4.73882593539916e+02
4.79852987585683e+02
4.84017476171677e+02
5.14615629090406e+02
5.21805703090247e+02
4.70368364692459e+02
4.82187599465843e+02
5.01753352359428e+02
5.29160875093469e+02
3.50148923551550e+02
9.43842692252746e+01
4.83041909891140e+02
5.20149212583334e+02
5.20560216595191e+02
5.15617395368183e+02
4.74378506845832e+02
4.72123739796974e+02
4.98395313901849e+02
5.21507287514895e+02
5.28853734087213e+02
5.33688489766385e+02
5.89227819388807e+02
6.66751782140504e+02
6.68549038055299e+02
6.87765808131644e+02
6.99364568037264e+02
7.05339407512291e+02
6.28289675335809e+02
5.42693211493983e+02
5.36881410782060e+02
4.30086259035299e+02
2.14082874223784e+02
2.51439540370203e+02
3.02129714948363e+02
3.97153741616356e+02
4.79547044130596e+02
5.33333652745716e+02
5.51972912576790e+02
5.55780526610071e+02
4.99304004946101e+02
5.13207450625064e+02
5.72190988595060e+02
6.07060682388087e+02
6.28967266644115e+02
6.68876918783996e+02
7.37296545056671e+02
8.00645224525049e+02
7.60562909152928e+02
7.33469255302251e+02
7.61274284685875e+02
8.00729920719148e+02
7.21765665290946e+02
6.22182655303395e+02
6.07503656098502e+02
6.31429393763649e+02
6.53930887571429e+02
6.23528174713705e+02
5.17689781862572e+02
3.44410944081590e+02
2.29398811315899e+02
2.35753865288662e+02
2.34341456417931e+02
2.45392434091996e+02
2.90392376998350e+02
3.59118352737035e+02
4.08115853401942e+02
4.58314274802089e+02
4.62449494405943e+02
4.69551526621656e+02
4.66453479513510e+02
5.26189055545702e+02
5.97677138608160e+02
6.11938016275263e+02
6.26105151943754e+02
6.72978887369950e+02
6.69284363776899e+02
6.93134263935607e+02
6.57825843407480e+02
6.22998044594837e+02
6.39414426707281e+02
6.76225259182791e+02
6.08842103805248e+02
5.49250220551792e+02
5.10664088021605e+02
5.40531367261667e+02
5.45416363814012e+02
5.16061575226691e+02
4.78345618340403e+02
4.74131346071236e+02
4.70670209603764e+02
4.17134671790542e+02
2.85617607586932e+02
3.58337172295488e+02
3.41191617509780e+02
2.36763949170971e+02
-8.85062936514680e+00
4.26183518265831e+02
4.21280128607188e+02
4.01365579595048e+02
3.91784803563169e+02
4.16058959842163e+02
4.16990747425024e+02
2.04262987058471e+02
-3.80357930424622e+01
3.85182379731906e+02
4.18020824193497e+02
4.53728815462007e+02
4.55904588564241e+02
4.53800851462641e+02
4.44220115765986e+02
4.75926987139779e+02
4.90407968746663e+02
3.82588147784763e+02
3.84998825120835e+02
2.85661805923400e+02
1.91616650000942e+01
4.89408192731880e+02
4.30714709058304e+02
4.02948798106444e+02
4.46516949670361e+02
4.80997924528027e+02
4.87996709606888e+02
4.90691140178534e+02
4.89268484328511e+02
5.40978888659461e+02
5.56689824746450e+02
4.60202086285759e+02
5.09671870528787e+02
6.03447522010677e+02
5.47869089269150e+02
3.35704731826773e+02
9.61655754470284e+01
4.87901422430217e+02
5.26941365924457e+02
5.45835175628244e+02
4.72654701752434e+02
4.30625584529074e+02
4.72097350421800e+02
5.13708416482257e+02
5.27158827401356e+02
5.19355877451434e+02
5.20886204489718e+02
6.08204280611221e+02
6.89309185516891e+02
5.96939135600878e+02
6.42882564326325e+02
7.42900994508926e+02
6.58342765838688e+02
5.38146419624663e+02
4.89873731143229e+02
3.98280091993816e+02
1.92033631137392e+02
3.18413396086248e+02
4.38366094859963e+02
5.19169049427354e+02
5.78790808663044e+02
5.48500020056408e+02
4.94079196282935e+02
4.93052699855155e+02
5.31351168565179e+02
5.45558327960656e+02
5.44359609233214e+02
5.72063337939418e+02
6.21337462841289e+02
7.31282662372895e+02
8.18229497081769e+02
6.79043494142774e+02
7.07697240583518e+02
8.29343765158200e+02
7.47256479753104e+02
6.21102901795169e+02
5.63751264927993e+02
5.82701154180337e+02
6.30223971204174e+02
4.98551458550593e+02
2.84246998652337e+02
2.45011644694747e+02
2.46500606765668e+02
3.20939728304182e+02
4.40025703353643e+02
5.13940173485609e+02
5.51046288644936e+02
5.68130407331781e+02
5.34998732848913e+02
4.82196617638570e+02
5.33655052231433e+02
6.26993622265837e+02
6.60499076706457e+02
6.75518493799177e+02
6.90410772917704e+02
7.89027817351707e+02
8.54397062354602e+02
6.85094740756387e+02
7.26970891783923e+02
8.60335538125754e+02
7.71900289652338e+02
6.54200332120475e+02
5.92507635775808e+02
6.13197799500830e+02
6.75071254185177e+02
6.21782206283624e+02
6.27454822632079e+02
5.30781957696983e+02
3.41650733310728e+02
2.41962648052225e+02
2.47802928215260e+02
2.47214339491296e+02
2.46646951898599e+02
3.09027420244784e+02
4.10368015732938e+02
4.67141087703721e+02
5.08978072898581e+02
5.22605811160904e+02
4.71195471146943e+02
4.90984349556628e+02
6.01789461744125e+02
6.30975062214389e+02
6.68914210799320e+02
7.13957501943538e+02
6.85526383913985e+02
7.29324618622799e+02
7.92769551751796e+02
6.36325599269407e+02
6.70167997999093e+02
7.77483317523920e+02
7.08085240534127e+02
6.01858598969369e+02
5.58740193000038e+02
5.58621773076220e+02
6.10588913801496e+02
5.75997490709272e+02
5.54672960116520e+02
5.25485135653273e+02
5.15984613249982e+02
4.72250997716941e+02
3.05987054749613e+02
2.14580382046498e+02
2.24256919169757e+02
2.23890596420767e+02
2.15248664187189e+02
2.13595037290013e+02
2.21964472713023e+02
2.73400885368508e+02
3.33507721606443e+02
3.42534568082688e+02
3.72133505954294e+02
4.16716835523833e+02
4.32825609605744e+02
4.44317444295005e+02
4.71421422251202e+02
4.97506958898782e+02
5.22064154882128e+02
5.08007531696551e+02
5.02449315777925e+02
5.61626081602472e+02
6.09436365791143e+02
4.66378480149474e+02
4.93205873416035e+02
5.57034789202584e+02
5.36448704577671e+02
4.24192753160446e+02
3.95671043584784e+02
4.01779617792184e+02
4.17371525310008e+02
3.91576105585003e+02
3.76159808393905e+02
3.61855955059806e+02
3.67966449525183e+02
3.78313501981609e+02
3.49485583600402e+02
3.21728982179412e+02
2.15512282089042e+02
5.07856338265500e+02
5.04553690674314e+02
5.63654795206121e+02
5.25219238263250e+02
4.48499163114409e+02
4.44720981599873e+02
5.15925143506164e+02
5.26057892592016e+02
5.37269899083174e+02
5.21797188856519e+02
5.59896929857787e+02
7.30888776694174e+02
7.00995538894736e+02
5.49233910255725e+02
7.92240650935874e+02
7.49341700226820e+02
5.98959508976946e+02
5.29538882411172e+02
4.89252510894088e+02
4.50667916308803e+02
2.06745875179605e+02
3.60535974735903e+02
5.03577578678161e+02
5.43207785783160e+02
5.75325971047499e+02
5.18604189716646e+02
4.76364145797583e+02
4.80731328836748e+02
5.37797382626998e+02
5.37120127136516e+02
5.45310656471101e+02
5.64567289365931e+02
6.17930154067456e+02
8.00554392488186e+02
7.59375616664797e+02
5.77863056973368e+02
8.31924165014911e+02
7.98925885663059e+02
6.39481418168672e+02
5.73264262369773e+02
5.21192526806383e+02
6.12631611555967e+02
4.88390334284300e+02
2.44762559773955e+02
2.50638415328069e+02
3.71155322670021e+02
4.98967765959901e+02
5.29788563341215e+02
6.18089274932731e+02
5.33652590659410e+02
4.70264543231677e+02
5.05493330155229e+02
5.73370522929823e+02
5.57960953484858e+02
5.85077834247058e+02
6.08763212783385e+02
6.71419781158537e+02
8.68234617560938e+02
7.87248452300741e+02
5.91325259803744e+02
8.49593735852794e+02
8.46840323484362e+02
6.80621768148565e+02
5.92397497531462e+02
5.48839905109401e+02
6.42107483539145e+02
6.47201563708983e+02
5.03512570671243e+02
2.93864579675132e+02
2.33664833753911e+02
2.53650648139164e+02
3.70245737129350e+02
5.04639074227430e+02
5.19324688865805e+02
6.02220538108767e+02
5.70699791690356e+02
4.77371082683037e+02
4.88855725322850e+02
5.98686317466264e+02
6.17552842965907e+02
6.48723002302257e+02
6.49977599945127e+02
7.00885350243838e+02
9.01148407840522e+02
7.94957024913822e+02
5.94452259291015e+02
8.73355069699920e+02
8.60269678913932e+02
6.95450226523998e+02
6.12979615923512e+02
5.59075435242564e+02
6.66815514767403e+02
6.69418673453798e+02
6.03382991348914e+02
5.44779653202518e+02
3.31155438080354e+02
2.58801876924855e+02
2.35512391367406e+02
2.52788696094351e+02
3.65728084873103e+02
4.92939789097370e+02
5.23011119299578e+02
5.83216585677337e+02
5.44821145087694e+02
5.01896078252703e+02
4.91735841881842e+02
5.98369341101164e+02
6.73495770592847e+02
7.11866694403590e+02
6.87656725329523e+02
7.06905069593899e+02
8.80374219184628e+02
7.92299359747912e+02
6.01341483691670e+02
8.65713247961994e+02
8.47392694025278e+02
6.85446814294255e+02
6.17211210573908e+02
5.68738933405024e+02
6.69140272189140e+02
6.44979686488700e+02
6.08893526597674e+02
6.42605685081620e+02
5.01089898744581e+02
3.52591410557771e+02
2.50010272227459e+02
2.59589947030869e+02
2.39093221947541e+02
2.50562859520546e+02
3.56068829372670e+02
4.77075429942950e+02
4.97249658658248e+02
5.73925996017625e+02
5.13500126306619e+02
4.72081405671999e+02
5.37449641974552e+02
6.26027308492148e+02
6.59803154563043e+02
7.43071317053717e+02
7.03089780946294e+02
6.91314044518817e+02
8.47640139351866e+02
7.65877034695887e+02
5.86271849969664e+02
8.29924522880297e+02
8.09511625720765e+02
6.64470565362437e+02
5.93710971666881e+02
5.61577617261566e+02
6.26508855797078e+02
6.28364555719866e+02
5.86031805937967e+02
5.96996601271987e+02
5.36955454876219e+02
4.99123371707257e+02
3.34353194376936e+02
2.43938402763761e+02
2.43897899277801e+02
2.48901422871973e+02
2.34384861394281e+02
2.54464646102312e+02
3.46216543300827e+02
4.39271289742451e+02
4.58535510678068e+02
5.23109852311224e+02
4.99282195186361e+02
4.64556628849616e+02
5.23599263276409e+02
6.51788612696139e+02
6.46166676662219e+02
6.80560339856225e+02
6.65077857810060e+02
6.70518252959543e+02
8.12786289653405e+02
7.12077613009753e+02
5.31451983835525e+02
7.69917474794859e+02
7.57969355697262e+02
6.12760982850011e+02
5.60656322365841e+02
4.91182944799208e+02
5.93396468055937e+02
5.84127154923324e+02
5.20789184556300e+02
5.28812147010725e+02
4.77085731127363e+02
5.21422620136417e+02
4.60336119529199e+02
2.72263373418679e+02
2.23421422632534e+02
2.42823722772162e+02
2.34944712143999e+02
2.32130434585529e+02
2.22848392281794e+02
2.48335333474463e+02
3.27294514051514e+02
3.91321383369281e+02
3.93207765589799e+02
4.62727792159384e+02
4.68905550670386e+02
4.73000874536594e+02
4.82681895107414e+02
5.77936912911355e+02
6.06814369404531e+02
5.95537566977008e+02
5.56792205548749e+02
6.09812706002659e+02
7.32730800304193e+02
6.28442106493685e+02
4.65186495849385e+02
6.71512417497611e+02
6.59492354507305e+02
5.52993837982234e+02
4.60371232103240e+02
4.37260131227506e+02
5.03857341045586e+02
4.93773403594462e+02
4.39074882365874e+02
4.42002058679477e+02
4.10508514767259e+02
4.52684529008021e+02
4.38913549882642e+02
3.45099494975818e+02
2.58811640084065e+02
1.99366321197372e+02
2.14923070741516e+02
2.23573756515051e+02
2.13126001305584e+02
2.14444680978485e+02
2.04726548369057e+02
2.16263538151118e+02
2.80838576201559e+02
3.29653775279421e+02
3.23672794616073e+02
3.93875813499193e+02
4.17681536838458e+02
3.99886921482861e+02
4.39019922267234e+02
4.59109789772493e+02
4.55460092182492e+02
5.02874379197657e+02
4.46227728847625e+02
4.56766317632092e+02
5.70574409849217e+02
5.24659154956792e+02
3.92659958935323e+02
5.22185218612211e+02
5.34255262138631e+02
4.12323263302508e+02
3.79836410769639e+02
3.40592778444720e+02
3.79950044186324e+02
3.64614876422671e+02
3.39083083276215e+02
3.50520261421577e+02
3.24146164257428e+02
3.48544202899184e+02
3.48858524778658e+02
2.88952467843942e+02
3.12790407631784e+02
1.93025055834484e+02
2.04692184341695e+02
1.82351543241275e+02
1.75616696089415e+02
1.85589570778854e+02
1.77989933870356e+02
1.80831527312889e+02
1.68468566812383e+02
1.74682855442594e+02
2.11588028677397e+02
2.49102254550195e+02
2.64611363725948e+02
3.07236376374681e+02
3.01375570979503e+02
3.01168736240101e+02
3.03469333358937e+02
3.48084946756452e+02
3.06035142302298e+02
3.34582544558825e+02
3.28854234860177e+02
2.94323090024571e+02
3.62231481908144e+02
3.75048754992193e+02
2.73149340746867e+02
3.82125183351019e+02
3.28402804610401e+02
2.91268666828860e+02
2.55128300655199e+02
2.28358288551890e+02
2.44602123978122e+02
2.42082347884871e+02
2.27801979739216e+02
2.43212966025654e+02
2.20362891579840e+02
2.37841623354331e+02
2.25865858893164e+02
2.03969776839932e+02
2.16030087859170e+02
2.01328686399151e+02
2.09198847093537e+02
