1.17316062909928e+01
1.09004180381916e+01
2.79115797623900e+01
1.23053765610746e+01
1.35849671530385e+01
4.16505225992818e+01
7.04996814550640e+00
1.65924175231031e+01
1.39863583123771e+01
1.97653865406106e+01
3.26982922332797e+01
1.26428550122848e+01
1.92616495262756e+01
1.48781044320199e+01
8.79240353508848e+01
2.01331133664044e+02
2.10839478729096e+02
2.71071871639332e+02
5.20969527278588e+02
1.61528983916334e+02
2.25639522976608e+01
1.24872892595046e+01
1.24826275131927e+01
9.65536401439289e+00
6.97128791828289e+00
1.31918041532323e+01
1.10669364066637e+01
1.15364320736196e+01
1.69274003098714e+01
1.15507437916426e+01
4.20306152676426e+01
9.23952641604026e+00
8.21900520919075e+00
1.12392390671062e+02
4.90530183766207e+01
5.24937655206679e-01
8.92238300624709e+01
1.42212351627496e+02
1.91902813670136e+02
2.65602054851249e+02
1.72445757830064e+02
1.44850456548245e+01
4.30862681043229e+01
1.07084608516185e+01
5.31973857661489e+00
6.20833470003585e+01
9.84874503117594e+00
7.24178751354776e+00
1.52524443781470e+01
2.64540793007504e+01
3.51120846008888e+01
1.09704357252639e+01
1.27700988468291e+01
9.46373140434477e+01
4.75069056369120e+00
1.02244347362223e+02
1.36517556358023e+02
-7.64585064906868e-01
4.58339105989671e+02
1.84504455639793e+02
2.59088924798184e+02
1.58070801720872e+01
4.30263206371097e+02
1.01609308920005e+01
9.43082894580044e+00
5.93104838362244e+00
1.21910634198662e+01
1.13163129101659e+02
5.13611329996878e+01
1.39661204595206e+01
3.39885942568803e+01
9.70994303633587e+00
1.63583140094062e+01
8.90411095409591e+00
3.47703086172431e+01
8.19595367736100e+00
3.64676733747812e-01
8.62246778275421e-01
5.57720672749683e+01
1.08453095651051e+02
1.16614930516739e+02
3.66391616108426e+02
1.78078629939522e+02
2.26025744055503e+02
4.49621556762728e+02
9.17311983126358e+01
1.40754270947606e+01
9.09371037588743e+00
7.78631177746126e+00
2.28992845166425e+02
9.32735960588523e+01
1.69144986665841e+01
1.89917275325892e+01
8.53858830788515e+00
3.89638832408062e+00
2.68821296606346e+01
2.49945369681243e+00
1.13893524747962e+02
1.16233332674863e+02
9.79069668816870e+01
9.67498433347186e+01
2.29391502189658e+02
1.12828398265640e+02
1.65623948571955e+02
1.04325438762636e+02
7.90549186610671e+01
4.06328371812386e+01
2.38411574175093e+03
4.62729357655057e+01
4.07158840413943e+01
1.83711285260864e+01
5.14447412157973e+01
1.40441107320036e+01
9.62066160535241e+01
1.56056833849265e+02
3.91709436295766e+02
7.90277328514794e+00
5.19560937736811e+00
7.86128731281530e+00
4.36654967101153e+00
8.29616094937097e+01
3.42794323838194e+00
8.90470952485206e+01
1.61788351037660e+02
3.05433896346511e+02
1.00521328966094e+02
2.65925516123143e+02
2.15728081379273e+02
1.15754766279638e+02
1.66864922476516e+02
1.35056593302033e+02
6.62567175395446e+01
4.16397247555599e+01
5.66808617633630e+02
4.44938339780165e+02
2.14698510407742e+02
1.20662499350412e+02
3.12503922600553e+02
4.16604584566711e+01
2.47638486281008e+01
6.49467604727633e+00
4.57827641643464e+00
4.11515284266516e+01
2.14395434461027e-01
4.14738506238813e+01
1.09202863567713e+02
6.23356514240328e+01
9.68427137633131e+01
9.23500945033739e+01
1.53406312741709e+02
1.05306011809360e+02
1.09857026597621e+02
2.82277145073193e+01
1.42452708953298e+03
1.79712386733398e+02
2.78943461166936e+02
1.29468265780016e+02
7.07745136955315e+02
4.82822376267722e+02
7.72657181110893e+00
2.68197892984215e+00
7.70048574280670e+01
1.38141800007276e+02
1.01791612916824e+02
1.93655089859073e+02
1.43869807456855e+02
2.23421173818223e+02
9.11919520636659e+01
1.38770095090657e+02
1.06718016659195e+02
8.40024306463351e+01
7.98373297813101e+01
9.29924620922110e+01
7.31018296090238e+01
4.13719006348341e+01
3.29553414707127e+02
2.63972719006390e+02
1.67930465595258e+02
4.22066361805197e+02
7.75263862178123e+02
5.09575813440739e+01
3.87697453372385e+00
5.79285764853556e+01
8.81949645222723e+01
6.70441235254379e+01
1.24435868549336e+02
1.58392098780246e+02
7.37119351846615e+01
1.64329913315756e+02
9.11776346201449e+01
1.16981110640838e+02
2.28358476373799e+01
9.44927246140631e+01
3.19547657964976e+01
3.43402185856607e+02
1.71569607065883e+02
4.41893764295878e+02
1.20056759367966e+03
3.10404630761019e+01
4.11522084985875e+01
9.73438898746796e+00
4.08386226899687e-01
7.96236402545834e+00
9.98119772105465e+01
1.11829124991754e+01
9.65947728957956e+01
1.96500958149342e+02
3.17138911791090e+02
1.08217544087797e+02
7.80616388360338e+01
1.32851326222904e+02
1.18751883174903e+02
7.41682353509932e+01
8.59526579848846e+01
3.48753818502583e+01
7.22555238835074e+01
3.92990663007525e+01
6.90246755998061e+01
2.26326066056803e+01
6.81887247560818e+02
7.45833429255343e+02
8.26502829074110e+02
4.06794820377073e+02
1.14209154548554e+01
1.41551050600158e+00
6.75365943874975e-01
7.00020374708438e+01
8.21632196139712e+01
8.25381585444930e+01
1.17200918268938e+02
2.89368518473459e+02
9.21615452236488e+01
1.85830500584597e+02
9.90307170656723e+01
9.51781996199327e+01
8.13516128856588e+01
5.33347153215934e+01
1.05152809122573e+01
1.75234162336634e+01
3.34535910110546e+01
4.96118712765225e+01
5.77265453767091e+01
3.77534096635045e+01
2.02718280113973e+01
5.15173434810231e+02
6.94412125027196e+02
2.42911918469687e+02
3.10673374583636e+01
4.85419760575812e+01
1.32559178204883e+02
1.94696319874789e+02
1.80120751783280e+02
1.37847734237016e+02
1.46188680670180e+02
2.27618607734582e+02
1.05143342264409e+02
5.54362275641598e+01
9.18897667102045e+00
4.59329433556761e+01
7.12624081187828e+01
2.03313736952534e+01
2.87664876147141e+01
3.86786387322171e+01
2.95658721507670e+01
4.44166035523701e+01
6.35397195481280e+01
2.04520866036362e+01
7.12543567390844e+02
4.86548194567238e+01
2.68975287094504e+01
1.64572962410919e+01
2.31714240123371e+02
4.26718147270872e+02
4.45231147353831e+02
4.09544616262258e+02
3.12437034931773e+02
2.37447143013341e+02
1.11262979053197e+02
6.85379760168792e+00
6.46172087694262e+01
1.26137636003256e+01
2.22416721922738e+01
3.39174844485319e+01
2.87681966539016e+01
3.31248085846082e+01
3.19281203724839e+01
4.59632842756949e+01
1.37227569458359e+01
3.02905952998341e+01
8.07014426561206e+01
4.02750353917172e+01
3.64167622698145e+02
1.02260228114809e+03
9.11836410745775e+02
9.00156973000942e+02
7.18081893221651e+02
2.56587751238298e+02
3.91381330263276e+02
7.52964050516514e+01
6.93175569391169e+01
9.16029273912331e+01
4.90764566190100e+01
1.11022755867592e+01
1.53082680195593e+01
3.72412367837196e+01
2.92588558880975e+01
2.61011793498238e+01
1.89111582280862e+01
3.58064077362868e+01
6.25180480110409e+01
8.39863822171369e+00
6.51202321530139e+01
2.76306721163298e+01
4.82246399956382e+01
8.53213962775458e+02
8.68180202166374e+02
8.25332433448117e+02
5.22970745431719e+02
1.44632270478660e+02
6.52249637161869e+01
1.76112998108412e+02
4.01060560682230e+01
2.11226200438336e+01
3.26803001057320e+01
2.61924359986070e+01
1.55124489486595e+01
3.61383154233514e+01
2.86715379400583e+01
2.13432234417571e+01
2.66309332314899e+01
5.97062127018268e+01
3.26616861109604e+01
6.51186023385510e+02
5.04738029217142e+02
4.11434920454293e+02
2.46196206394746e+02
1.93899665221749e+02
7.28877028134749e+01
7.14898118787540e+01
5.34031628889157e+01
2.39645685363002e+02
2.64328026145016e+01
1.44478483213013e+01
1.73878166255630e+01
2.00342984992649e+01
2.32001964768935e+01
3.04673018712096e+01
1.60958216614785e+01
2.69677712257197e+01
1.80686409673617e+01
6.35296190248665e+01
1.46057844880283e+01
1.02908131373386e+01
5.42458434226138e+01
5.29062057235407e+01
1.54683729987677e+03
1.60275968442921e+02
1.42390198649538e+02
8.68000754637125e+01
2.10194288751630e+02
8.22420018252936e+01
1.73499667095278e+02
1.77660354451991e+02
4.70491429295190e+01
1.76087907513912e+01
2.34753579438765e+01
1.31931960585826e+01
2.07853129231794e+01
2.62694534090553e+01
1.91164605631275e+01
2.58569332671777e+01
1.05807076446498e+01
3.47797621101814e+00
2.87070510765202e+01
5.01372005069193e+01
2.74886203474761e+01
1.31169729898596e+01
5.54790252515782e+01
6.19940180365202e+02
1.91606129864864e+02
4.18176739335909e+02
2.80257050506375e+02
3.83479776819733e+02
2.44680307146496e+02
3.64587841402573e+02
5.99929743708453e+01
1.77202422421398e+01
3.10280619274945e+01
2.52083627766030e+01
1.68038587984611e+01
2.08723545561017e+01
5.90634977457898e+01
1.00637383364192e+01
6.89781001467089e+01
6.58835260360259e+01
7.61203394368761e+01
1.04469209946802e+02
2.13928988860481e+03
9.20142120700373e+02
3.83819629590757e+02
6.17281563948460e+02
5.88107306689331e+02
1.36502647910455e+02
1.07104232709630e+02
7.47857307489535e+01
8.13595437818878e+01
4.61203001629578e+01
6.01281117613251e+01
3.53459711941394e+01
1.39458349463337e+01
1.90316310996810e+01
6.95480313088380e+01
4.37003361422998e+01
7.06363966510217e+01
6.63712303856190e+01
5.92592580943074e+01
8.27741950452347e+01
1.82745187402178e+02
1.06493612207365e+02
1.34394190352420e+03
1.16090331456409e+03
7.22675539671059e+02
7.36437258766439e+02
2.56368809957481e+02
2.83937775695176e+02
2.08315115268698e+02
1.83801848176796e+02
1.24438923664690e+02
3.19334442320590e+01
3.00833630280869e+01
1.08699862223080e+02
4.81769248711909e+01
9.44375383422835e+01
1.04506416804808e+02
1.71150971953209e+02
1.17317302203145e+02
8.61276349523133e+01
1.44867372649575e+02
9.11831512107897e+00
2.33411378623335e+03
9.27117044264437e+02
8.99439342852744e+02
1.07840224541237e+03
1.59588197401836e+02
1.75545483205988e+02
1.09281515021641e+02
3.35472095412786e+01
8.22399991479287e+01
2.84817226097204e+01
7.17206531747820e+01
1.04087121725933e+02
8.85436219411206e+01
2.50136951995964e+02
1.01627942927735e+02
8.56321114723774e+00
1.27374549049941e+02
2.73130849555966e+03
1.39904127199740e+03
1.88682239261986e+03
5.57027996172777e+02
2.21827285461522e+02
8.68143625688604e+01
6.71487422455432e+01
4.66063735294449e+01
9.56582455194787e+01
1.56050292688623e+02
1.19122180704068e+02
1.18370278195594e+02
2.27173965154924e+02
9.85168787165567e+01
6.63089806929483e+01
1.52765098782272e+02
2.39309721358270e+03
2.86280389467921e+03
1.19409651903737e+03
3.68014193608280e+02
2.86906691566824e+02
1.72136371712521e+02
2.05854752562655e+02
2.59020048613188e+02
1.71807410417716e+02
1.95629925832388e+02
1.16240353212982e+02
1.99889502116459e+02
1.47098309164681e+02
1.25156938293114e+02
9.36080926833806e+01
9.95864995660957e+01
3.10666825602696e+03
8.22463241488431e+02
6.45106320312002e+02
4.22269261909829e+02
4.32704299358899e+02
6.48230598996474e+02
4.41961647892023e+02
1.89505737480913e+02
3.50235343569178e+02
8.12605939931962e+00
9.86778406485969e+01
1.48065971508181e+02
5.64636043194213e+01
1.26618218814276e+03
6.60289613090830e+02
9.47010120230607e+02
1.23982973168544e+03
5.99333880572478e+02
1.96031387960906e+02
1.19565092614592e+02
7.12183337053336e+00
1.66957203873919e+02
1.95266579675041e+02
4.65463005236837e+01
6.62909772153216e+01
1.41002197371098e+03
2.41714987125276e+03
1.51113011814574e+03
2.64628156814056e+02
1.66915503201838e+02
8.74468409495708e+01
2.02307688185493e+02
1.67387870295883e+02
3.67173871345442e+01
7.03280565361008e+01
4.75192661597021e+01
2.62607080018869e+01
1.38233397217513e+03
2.90092774767060e+02
1.20283848835624e+02
4.67715322181219e+00
9.31977349370317e+01
1.58725547142862e+02
1.61602320929832e+02
1.25067913454798e+02
4.68238456723735e+02
2.10604588955014e+01
4.12557752600270e+01
1.39354246070360e+03
1.20059490098807e+01
8.58620419763601e+01
1.39251777739401e+02
2.31429532120496e+02
1.26969039845402e+02
2.15299900218150e+02
4.19904564703238e+01
7.47934093284110e+01
3.63943384614650e+02
2.88230696773589e+02
1.38142553981243e+02
7.98428642426373e+02
3.08021674442585e+02
6.32823274351141e+02
3.96889229905956e+01
4.91827200809488e+01
9.24718339273744e+02
1.95673939708811e+02
2.60205377079005e+02
3.21720829937429e+02
8.32398084435476e+02
4.83645720299740e+01
6.57544524430637e+01
4.59350910455523e+02
2.09364795248053e+02
8.04567055419217e+02
1.02433571449053e+03
3.54618366732986e+01
4.79427416524166e+01
5.16991099100157e+02
8.95494874858033e+02
1.08083966048059e+03
8.00932457780296e+01
5.49087180552542e+01
8.00748614926440e+02
1.14265783253824e+03
7.81386062698549e+02
5.54057152176650e+01
9.47890251946835e+02
8.32664361247976e+02
1.28434249255921e+02
2.15689556618042e+02
9.84566606466265e+02
5.94779793722214e+02
7.17998990035496e+02
2.24080281724299e+03
1.29441295945951e+03
9.98507754014590e+02
2.04877591610479e+03
